4;0.000828531;16
4;0.00038638;16
4;0.000382613;16
4;0.000364289;16
4;0.000310201;16
5;0.00044056;16
5;0.000376385;16
5;0.000402059;16
5;0.000394005;16
5;0.000365857;16
6;0.000551522;16
6;0.000470195;16
6;0.000429183;16
6;0.000402123;16
6;0.000429843;16
7;0.000836991;16
7;0.00067272;16
7;0.000602815;16
7;0.000621136;16
7;0.000619497;16
8;0.00180219;16
8;0.00126079;16
8;0.001187;16
8;0.00112783;16
8;0.00121507;16
9;0.00499293;16
9;0.00422898;16
9;0.00409946;16
9;0.00366944;16
9;0.00402703;16
10;0.017003;16
10;0.0157652;16
10;0.0152652;16
10;0.0139102;16
10;0.0144253;16
11;0.0537309;16
11;0.055915;16
11;0.0520858;16
11;0.049737;16
11;0.053066;16
12;0.212401;16
12;0.223451;16
12;0.235072;16
12;0.232788;16
12;0.230931;16
4;0.000901259;16
4;0.00040986;16
4;0.000390083;16
4;0.000355132;16
4;0.000353459;16
5;0.000415716;16
5;0.000358939;16
5;0.000337046;16
5;0.000372048;16
5;0.000346165;16
6;0.000554465;16
6;0.0004397;16
6;0.000430301;16
6;0.000387847;16
6;0.000373948;16
7;0.00401532;16
7;0.000659008;16
7;0.000556875;16
7;0.000570171;16
7;0.000556834;16
8;0.00305312;16
8;0.00120508;16
8;0.00107998;16
8;0.00105394;16
8;0.00117116;16
9;0.00458067;16
9;0.00402572;16
9;0.00361744;16
9;0.00333391;16
9;0.00363603;16
10;0.0181459;16
10;0.0179274;16
10;0.015451;16
10;0.014011;16
10;0.0152201;16
11;0.0632545;16
11;0.0608596;16
11;0.0567882;16
11;0.0446714;16
11;0.0508927;16
5;0.00565886;32
5;0.000714745;32
5;0.000657462;32
5;0.000625819;32
5;0.000585552;32
6;0.000852913;32
6;0.000681899;32
6;0.000611182;32
6;0.000661053;32
6;0.000681963;32
7;0.0010138;32
7;0.00088748;32
7;0.000858154;32
7;0.000735343;32
7;0.000807676;32
8;0.00198694;32
8;0.00158317;32
8;0.00148377;32
8;0.00147129;32
8;0.00151237;32
9;0.00509281;32
9;0.00444773;32
9;0.00388189;32
9;0.00398571;32
9;0.0040605;32
10;0.0151127;32
10;0.0159043;32
10;0.0149038;32
10;0.013534;32
10;0.0146331;32
11;0.0572952;32
11;0.0540484;32
11;0.0535109;32
11;0.0463833;32
11;0.0496623;32
12;0.227232;32
12;0.23229;32
12;0.222924;32
12;0.262173;32
12;0.259213;32
5;0.00207675;32
5;0.000718176;32
5;0.000680968;32
5;0.000653788;32
5;0.00067893;32
6;0.000863947;32
6;0.000748806;32
6;0.000730582;32
6;0.000728939;32
6;0.000633154;32
7;0.00409301;32
7;0.000917874;32
7;0.000826988;32
7;0.000786074;32
7;0.000764336;32
8;0.00219223;32
8;0.00163725;32
8;0.00158362;32
8;0.00153723;32
8;0.00156388;32
9;0.00504984;32
9;0.00451791;32
9;0.00398012;32
9;0.00361228;32
9;0.00408766;32
10;0.0165093;32
10;0.0154589;32
10;0.014291;32
10;0.0126003;32
10;0.0140829;32
11;0.0503185;32
11;0.052041;32
11;0.0482642;32
11;0.0431419;32
11;0.0433771;32
12;0.237527;32
12;0.239889;32
12;0.236999;32
12;0.235639;32
12;0.233977;32
5;0.00581858;32
5;0.000664264;32
5;0.000634778;32
5;0.000668421;32
5;0.000587329;32
6;0.000744913;32
6;0.000662986;32
6;0.00064496;32
6;0.000670075;32
6;0.000583056;32
7;0.00100999;32
7;0.00083524;32
7;0.000786062;32
7;0.000747655;32
7;0.000782534;32
8;0.00301809;32
8;0.00167219;32
8;0.00150178;32
8;0.00138151;32
8;0.00150647;32
9;0.00490302;32
9;0.00431283;32
9;0.00388693;32
9;0.0035011;32
9;0.00396255;32
10;0.0169362;32
10;0.0158443;32
10;0.0143664;32
10;0.0134309;32
10;0.0141791;32
11;0.0452994;32
11;0.0503801;32
11;0.0487729;32
11;0.0423639;32
11;0.0485578;32
12;0.261587;32
12;0.257086;32
12;0.268296;32
5;0.0016357;32
5;0.000642378;32
5;0.000637025;32
5;0.000655394;32
5;0.000628848;32
6;0.000872441;32
6;0.000740301;32
6;0.000644717;32
6;0.000716902;32
6;0.000718299;32
7;0.00105198;32
7;0.000921126;32
7;0.000814155;32
7;0.000829991;32
7;0.000828799;32
8;0.00211012;32
8;0.00161295;32
8;0.00148823;32
8;0.00152602;32
8;0.00152359;32
9;0.00516415;32
9;0.00432643;32
9;0.00404965;32
9;0.0038942;32
9;0.00410637;32
10;0.016342;32
10;0.0152432;32
10;0.0144091;32
10;0.0137803;32
10;0.0139208;32
11;0.0498946;32
11;0.0502848;32
11;0.0507927;32
11;0.0600993;32
11;0.0530579;32
12;0.23973;32
12;0.231969;32
12;0.236172;32
12;0.232786;32
12;0.240234;32
5;0.00150809;32
5;0.000670716;32
5;0.000689242;32
5;0.000663202;32
5;0.000624321;32
6;0.000776038;32
6;0.000682876;32
6;0.00069591;32
6;0.000657413;32
6;0.000689171;32
7;0.00103516;32
7;0.000834119;32
7;0.000812467;32
7;0.00083141;32
7;0.000824448;32
8;0.00216965;32
8;0.00161652;32
8;0.00157363;32
8;0.00158499;32
8;0.00159806;32
9;0.00494713;32
9;0.00453605;32
9;0.0040004;32
9;0.00364313;32
9;0.0039904;32
10;0.0161138;32
10;0.0150595;32
10;0.0145815;32
10;0.0126647;32
10;0.0144494;32
11;0.0503495;32
11;0.0494455;32
11;0.0512626;32
11;0.0495334;32
11;0.0555118;32
12;0.26366;32
12;0.266226;32
12;0.260504;32
12;0.275592;32
12;0.266195;32
5;0.00587261;32
5;0.000672441;32
5;0.000679541;32
5;0.000595015;32
5;0.000615951;32
6;0.000828251;32
6;0.00072626;32
6;0.000730228;32
6;0.000671826;32
6;0.000675417;32
7;0.00359659;32
7;0.000862438;32
7;0.000865698;32
7;0.000797004;32
7;0.00081072;32
8;0.00204952;32
8;0.0015712;32
8;0.00155961;32
8;0.00148197;32
8;0.00151933;32
9;0.00499614;32
9;0.00431709;32
9;0.00410492;32
9;0.00370563;32
9;0.00391507;32
10;0.0159333;32
10;0.0149812;32
10;0.0149881;32
10;0.0126217;32
10;0.0143303;32
11;0.0557713;32
11;0.0564281;32
11;0.0544601;32
11;0.0492374;32
11;0.0559434;32
12;0.264113;32
12;0.259144;32
12;0.259111;32
12;0.26312;32
12;0.266655;32
5;0.00562311;32
5;0.00069017;32
5;0.000658788;32
5;0.000629779;32
5;0.000608049;32
6;0.000790697;32
6;0.000679027;32
6;0.00065849;32
6;0.000631697;32
6;0.000852767;32
7;0.00105857;32
7;0.000852462;32
7;0.00081116;32
7;0.000748713;32
7;0.000771601;32
8;0.00202885;32
8;0.00163078;32
8;0.00156182;32
8;0.00142937;32
8;0.00152289;32
9;0.00499198;32
9;0.00420007;32
9;0.0041065;32
9;0.00372581;32
9;0.00396882;32
10;0.0159578;32
10;0.0154316;32
10;0.0143816;32
10;0.0129927;32
10;0.0136606;32
11;0.0481365;32
11;0.0513235;32
11;0.0475886;32
11;0.0418757;32
11;0.0462147;32
12;0.257062;32
12;0.246551;32
12;0.241391;32
12;0.258398;32
12;0.239471;32
5;0.00518585;32
5;0.00066492;32
5;0.000654455;32
5;0.000644185;32
5;0.000618614;32
6;0.000836443;32
6;0.000710431;32
6;0.000684824;32
6;0.000662975;32
6;0.000674054;32
7;0.001047;32
7;0.00084212;32
7;0.000826228;32
7;0.000831015;32
7;0.000812016;32
8;0.0020784;32
8;0.00160998;32
8;0.00147764;32
8;0.00148838;32
8;0.00157969;32
9;0.00511698;32
9;0.00415665;32
9;0.00417133;32
9;0.00368534;32
9;0.00382096;32
10;0.0162733;32
10;0.014567;32
10;0.0140477;32
10;0.012391;32
10;0.0138414;32
11;0.0567048;32
11;0.0502353;32
11;0.0452714;32
11;0.043671;32
11;0.0421574;32
12;0.260283;32
12;0.246204;32
12;0.236778;32
12;0.241481;32
12;0.241591;32
6;0.00404849;64
6;0.00136653;64
6;0.00132439;64
6;0.00121218;64
6;0.00128594;64
7;0.0016765;64
7;0.00150641;64
7;0.0014354;64
7;0.00152721;64
7;0.00151549;64
8;0.00266533;64
8;0.0022422;64
8;0.00203359;64
8;0.00213514;64
8;0.00210268;64
9;0.00637005;64
9;0.00529235;64
9;0.0049676;64
9;0.00457643;64
9;0.00473373;64
10;0.0166817;64
10;0.015929;64
10;0.0146174;64
10;0.0133678;64
10;0.0139996;64
11;0.0655403;64
11;0.0543981;64
11;0.059504;64
11;0.0482881;64
11;0.0631703;64
12;0.36962;64
12;0.332025;64
12;0.348547;64
12;0.309565;64
12;0.319012;64
4;0.000490621;8
4;0.000369079;8
4;0.000216562;8
4;0.000239737;8
4;0.000216924;8
5;0.000285938;8
5;0.000255626;8
5;0.000212759;8
5;0.000235192;8
5;0.000221524;8
6;0.000458952;8
6;0.000389427;8
6;0.000363607;8
6;0.000383064;8
6;0.000356726;8
7;0.000765331;8
7;0.000659157;8
7;0.000639625;8
7;0.000625189;8
7;0.00054818;8
8;0.00170403;8
8;0.00133691;8
8;0.001265;8
8;0.00112433;8
8;0.0012102;8
9;0.00510298;8
9;0.00489495;8
9;0.00472223;8
9;0.00417962;8
9;0.00434454;8
10;0.0231964;8
10;0.0202729;8
10;0.0182511;8
10;0.0166977;8
10;0.0174462;8
11;0.0783868;8
11;0.0749843;8
11;0.071662;8
11;0.0652836;8
11;0.0684659;8
12;0.206164;8
12;0.24941;8
12;0.23381;8
12;0.205853;8
12;0.234979;8
4;0.000381339;4
4;0.000181172;4
4;0.000155643;4
4;0.000148121;4
4;0.000144761;4
5;0.000355467;4
5;0.000216115;4
5;0.000185709;4
5;0.000161719;4
5;0.000169411;4
6;0.000467859;4
6;0.00038914;4
6;0.000392377;4
6;0.000395317;4
6;0.000301555;4
7;0.00089493;4
7;0.000737622;4
7;0.00068764;4
7;0.000576302;4
7;0.000536725;4
8;0.00178754;4
8;0.00144379;4
8;0.00150383;4
8;0.00127602;4
8;0.00137113;4
9;0.00618075;4
9;0.00606777;4
9;0.00524478;4
9;0.00458917;4
9;0.00507495;4
10;0.0331922;4
10;0.031081;4
10;0.0267182;4
10;0.0247595;4
10;0.0248372;4
11;0.0704736;4
11;0.0718841;4
11;0.0660532;4
11;0.0640558;4
11;0.0654825;4
